0.620547,0.698466,0.189643,0.158177,0.140027,0.0272727,0.235002,0.0158619,0.243873,0.0116162
0.530622,0.759451,0.235821,0.0890036,0.147767,0.0271718,0.234899,0.0137029,0.242837,0.0241383
0.482502,0.622379,0.253719,0.181333,0.183646,0.0154776,0.238159,0.0211151,0.22962,0.294203,0.471618,0.286477,0.705846,0.560505,0.214777
0.496009,0.439427,0.251349,0.319978,0.242658,0.0193525,0.24039,0.0190892,0.242518,0.0161778
0.571766,0.628456,0.208997,0.156383,0.215458,0.0158957,0.249624,0.0101833,0.226549,0.302609,-0.05593,0.235321,0.766791,0.349704,0.320377
0.577133,0.540429,0.213012,0.26563,0.190113,0.0255353,0.235482,0.0225548,0.240336,0.252215,0.452911,0.275948,0.716503,0.725687,0.136368
0.750756,0.576973,0.12277,0.168986,0.241183,0.00951621,0.241636,0.0151633,0.214847,0.334702,0.467658,0.182016,0.813715,0.699156,0.148809
0.584805,0.482633,0.20082,0.221315,0.296533,0.0238352,0.234176,0.0119227,0.236017,0.268739,-0.00237721,0.309016,0.689333,0.702732,0.145867
0.633372,0.522695,0.17972,0.222714,0.254547,0.0144247,0.24133,0.0164872,0.240082,0.0187847
0.820737,0.676821,0.0881682,0.133832,0.185329,0.0166329,0.239813,0.0168205,0.239627,0.0250785
0.7225,0.622469,0.137731,0.15922,0.216767,0.0121742,0.243883,0.00877323,0.244122,0.0148547
0.815801,0.446051,0.090188,0.262278,0.291038,0.0204394,0.241391,0.0162146,0.242794,0.0207347
0.8395,0.719051,0.077274,0.11942,0.159383,0.0202833,0.240207,0.0112558,0.240407,0.0181988
0.504533,0.441632,0.246804,0.254875,0.302524,0.012541,0.243048,0.014219,0.241701,0.0190386
0.701494,0.608099,0.147313,0.15981,0.2319,0.0131088,0.245576,0.01415,0.239986,0.0228322
0.817999,0.619052,0.0889045,0.159555,0.221768,0.0196532,0.240789,0.00884863,0.243865,0.0124037
0.45468,0.63625,0.269621,0.183258,0.173167,0.0218501,0.237818,0.0204361,0.238426,0.0207272
0.552916,0.667495,0.220932,0.113783,0.215027,0.0281098,0.234956,0.0153627,0.241307,0.0209954
0.55037,0.612627,0.22505,0.114837,0.266472,0.0150671,0.242828,0.0173788,0.238692,0.02769
0.526999,0.570844,0.2306,0.21782,0.203126,0.0163106,0.240496,0.0162725,0.239521,0.0181829
0.460056,0.634993,0.267483,0.1768,0.183468,0.0188062,0.239334,0.0120742,0.233889,0.284155,0.906036,0.267925,0.727545,0.33849,0.330046
0.428364,0.630313,0.283164,0.167786,0.196553,0.0207796,0.239717,0.0153258,0.241163,0.0184222
0.485387,0.571279,0.252947,0.197181,0.222184,0.0207099,0.237831,0.0164807,0.239772,0.0174419
0.767526,0.607749,0.112711,0.13818,0.250921,0.0167681,0.243478,0.0126173,0.241349,0.0252205
0.277479,0.646484,0.361511,0.15184,0.203901,0.0191534,0.24062,0.0192671,0.239975,0.0215121
0.656687,0.594721,0.168697,0.207615,0.196251,0.0161179,0.238314,0.0211727,0.240148,0.273193,-0.0658489,0.281962,0.712434,0.343626,0.325688
0.449031,0.559655,0.277188,0.26134,0.178016,0.017877,0.240903,0.018137,0.226102,0.310782,0.435966,0.108505,0.890028,0.543971,0.229431
0.500293,0.650245,0.248118,0.212287,0.132284,0.014447,0.242784,0.0201928,0.236636,0.0189874
0.50716,0.602458,0.24751,0.165148,0.22896,0.024189,0.23708,0.0102417,0.241896,0.0170867
0.701177,0.542439,0.145344,0.239754,0.213091,0.0241684,0.237024,0.0191319,0.239129,0.0209655
0.591387,0.53752,0.204427,0.244084,0.220909,0.0180487,0.240525,0.0196827,0.2296,0.296509,0.456544,0.159448,0.844428,0.781968,0.104992
0.484086,0.402033,0.260779,0.291159,0.304095,0.0241762,0.240427,0.0189342,0.240258,0.0190632
0.449703,0.541079,0.272508,0.226315,0.22355,0.0192509,0.239279,0.0157985,0.22628,0.286527,0.901537,0.277587,0.719705,0.6607,0.167626
0.695875,0.686451,0.151348,0.133267,0.175791,0.0257456,0.240329,0.012636,0.228215,0.296605,0.921232,0.124324,0.875731,0.573914,0.209751
0.636156,0.619407,0.182008,0.279314,0.100813,0.0167365,0.237669,0.0243528,0.242397,0.0133385
0.660566,0.487073,0.17059,0.279661,0.236425,0.0207375,0.237685,0.0192778,0.225298,0.312749,0.478786,0.151682,0.849196,0.785765,0.107672
0.46567,0.525318,0.26368,0.279903,0.182382,0.0124768,0.244697,0.0257052,0.237216,0.256768,0.506433,0.34906,0.651084,0.76411,0.113858
0.4872,0.455241,0.253198,0.279965,0.257801,0.0148668,0.237686,0.0164438,0.216287,0.345769,0.937589,0.147751,0.852221,0.816948,0.0856138
0.742042,0.519569,0.125886,0.246154,0.228608,0.0309101,0.236465,0.015064,0.231018,0.300204,0.459042,0.171801,0.821859,0.650356,0.173341
0.732984,0.575431,0.13133,0.232381,0.190402,0.0226457,0.241434,0.0207541,0.237647,0.0216077
0.473943,0.727222,0.262544,0.0908679,0.178462,0.0248696,0.237354,0.0151139,0.241448,0.0224521
0.389516,0.692115,0.303883,0.177412,0.123712,0.0214865,0.242339,0.0186678,0.243402,0.0106296
0.419332,0.598728,0.28845,0.243666,0.150902,0.013852,0.241436,0.0222004,0.239764,0.0176145
0.325994,0.589167,0.334291,0.190877,0.213807,0.0135,0.240292,0.0215161,0.232673,0.29912,0.00555527,0.215526,0.778039,0.709158,0.139263
0.518394,0.770591,0.24312,0.112107,0.120218,0.0164105,0.243196,0.0142348,0.244761,0.0185468
0.491029,0.49103,0.251571,0.250194,0.254067,0.0371402,0.233718,0.0166363,0.245595,0.245412,0.944306,0.341525,0.656166,0.68426,0.159543
0.697775,0.604145,0.147698,0.188079,0.201764,0.0248106,0.239668,0.0171852,0.242672,0.0172977
0.403386,0.524591,0.296879,0.160694,0.316249,0.01081,0.243263,0.0148424,0.236632,0.0269789
0.301418,0.673412,0.3482,0.191117,0.134309,0.015247,0.240766,0.0248557,0.239706,0.0180903
0.479584,0.556354,0.259392,0.187794,0.241356,0.0193358,0.237549,0.0175479,0.217882,0.326585,-0.0287517,0.184294,0.813654,0.470595,0.268051
0.589173,0.700315,0.205106,0.0927209,0.202371,0.0184289,0.238703,0.01658,0.24254,0.0222055
0.570607,0.633201,0.206011,0.153655,0.204002,0.024154,0.23793,0.0122775,0.227657,0.290634,0.461277,0.226944,0.769677,0.659893,0.160734
0.50874,0.67395,0.241502,0.136348,0.182454,0.0125731,0.242032,0.013586,0.240883,0.0181386
0.722813,0.584656,0.138779,0.228751,0.167656,0.0130189,0.240157,0.0153502,0.238009,0.260759,0.898592,0.303549,0.684786,0.447351,0.276541
0.419428,0.451955,0.289534,0.210196,0.325756,0.0129522,0.245565,0.0100118,0.219691,0.33046,0.875034,0.153566,0.841924,0.549102,0.22364
0.747058,0.463084,0.126719,0.281772,0.248254,0.0210984,0.238839,0.0199783,0.217957,0.325438,0.454229,0.136571,0.861191,0.42255,0.286696
0.630212,0.608381,0.185387,0.207198,0.179153,0.0137984,0.236814,0.0185621,0.230201,0.294141,0.866225,0.219031,0.775165,0.641436,0.178031
0.435921,0.679739,0.282292,0.191645,0.122661,0.0104959,0.245365,0.0180101,0.239998,0.0162104
0.498742,0.562304,0.246678,0.293907,0.145243,0.0165492,0.240755,0.0258167,0.232827,0.278117,0.449963,0.126182,0.869017,0.482235,0.25681
0.50127,0.474716,0.248488,0.341962,0.18202,0.0305007,0.235646,0.0181803,0.24071,0.0122334
0.693514,0.617629,0.146651,0.200207,0.17375,0.0326826,0.232225,0.0191916,0.21569,0.325159,0.878631,0.233092,0.754691,0.675392,0.156486
0.683192,0.447399,0.151661,0.220206,0.32636,0.019005,0.237279,0.0186635,0.211053,0.344665,0.0100607,0.196025,0.794464,0.718177,0.138711
0.279519,0.546898,0.358861,0.233595,0.214977,0.0236343,0.237027,0.0150109,0.241212,0.0140419
0.514717,0.668129,0.241111,0.192783,0.132961,0.0171737,0.244615,0.0255402,0.229124,0.295913,0.06387,0.258845,0.738109,0.59395,0.201004
0.610972,0.560824,0.195299,0.225749,0.2072,0.0215628,0.237203,0.0165918,0.2213,0.312701,0.90625,0.120495,0.875567,0.674841,0.162038
0.787193,0.747266,0.107584,0.0964359,0.149344,0.0216428,0.240315,0.0160319,0.230155,0.284721,0.0147505,0.216907,0.781188,0.556138,0.217805
0.708038,0.59542,0.14308,0.213735,0.188704,0.0149365,0.239878,0.0180577,0.240186,0.0167524
0.577701,0.672414,0.208861,0.131751,0.194431,0.0269252,0.237652,0.0167953,0.23444,0.282571,0.440443,0.330207,0.663999,0.717403,0.144525
0.525052,0.503716,0.234071,0.262763,0.226316,0.0352288,0.230655,0.0197564,0.228236,0.293585,0.487783,0.279819,0.715403,0.755967,0.118167
0.710243,0.687311,0.141158,0.123581,0.189787,0.0228611,0.236896,0.0103771,0.243069,0.0173693
0.799323,0.675172,0.0981923,0.173886,0.155497,0.0165324,0.237258,0.0157189,0.243305,0.0129403
0.502608,0.599897,0.248897,0.14635,0.251236,0.0221801,0.239931,0.00732736,0.227031,0.316046,0.911079,0.119398,0.877245,0.610809,0.193199
0.454084,0.665389,0.267801,0.189488,0.143357,0.0269372,0.236698,0.0145037,0.234073,0.285155,0.923512,0.117702,0.876557,0.636779,0.178947
0.354348,0.435877,0.318415,0.319691,0.240719,0.0273846,0.231332,0.0174487,0.23958,0.258215,0.890505,0.272849,0.729107,0.57058,0.220513
0.586159,0.505207,0.20515,0.248905,0.237297,0.0130063,0.241361,0.0154539,0.229628,0.285211,0.869045,0.217277,0.776982,0.488881,0.25136
0.636355,0.456526,0.182283,0.221943,0.30763,0.00605505,0.243147,0.0165919,0.213066,0.348282,0.487986,0.234771,0.759898,0.681499,0.161459
0.58787,0.586133,0.203578,0.244839,0.158426,0.0296761,0.234129,0.025984,0.235074,0.025479
0.719349,0.64377,0.13966,0.141317,0.214098,0.0196041,0.239892,0.0167878,0.240507,0.0234249
0.48139,0.601876,0.259471,0.172122,0.218492,0.0294264,0.236305,0.0200816,0.236416,0.270494,0.921004,0.341511,0.653531,0.804147,0.0961031
0.456061,0.603972,0.264576,0.216156,0.175711,0.0208551,0.239356,0.0171481,0.229781,0.287411,-0.0309963,0.190271,0.812018,0.570671,0.210974
0.838741,0.464866,0.0793619,0.242023,0.293454,0.0175659,0.240968,0.018906,0.238182,0.26613,0.00776649,0.290211,0.707714,0.834088,0.0838094
0.571421,0.524297,0.208384,0.224878,0.249478,0.0113916,0.240458,0.0161606,0.22201,0.317686,0.954252,0.259489,0.736273,0.550649,0.218858
0.404104,0.53086,0.29692,0.204376,0.262528,0.0150429,0.241287,0.0134315,0.242328,0.0172497
0.691161,0.572971,0.152568,0.198297,0.227778,0.0170898,0.239349,0.0166472,0.238979,0.0175314
0.419977,0.761105,0.290855,0.143779,0.0953042,0.0199689,0.241344,0.017424,0.239447,0.0133005
0.384442,0.761826,0.307274,0.116772,0.123791,0.0185596,0.242285,0.0209043,0.239513,0.0218242
0.590336,0.458049,0.204444,0.216666,0.321999,0.0102376,0.243914,0.0168104,0.225152,0.31208,0.481857,0.33198,0.666239,0.710271,0.141701
0.415881,0.514911,0.294434,0.126949,0.358905,0.0218666,0.23847,0.0114693,0.241549,0.0302652
0.679868,0.661773,0.157727,0.211508,0.124159,0.0270215,0.235902,0.0208839,0.242527,0.268441,0.0297219,0.166026,0.838962,0.752785,0.124368
0.345398,0.621714,0.329171,0.266976,0.109407,0.0134657,0.241452,0.025326,0.240631,0.0147333
0.607454,0.614269,0.193375,0.202142,0.174902,0.00743745,0.243872,0.0149499,0.240319,0.0165931
0.346928,0.496203,0.324264,0.2422,0.257165,0.0220838,0.23785,0.0150035,0.241088,0.0158006
0.465643,0.581787,0.263343,0.183781,0.222979,0.0185386,0.239327,0.0110304,0.225283,0.29684,0.909158,0.224268,0.769638,0.50642,0.240271
0.337394,0.650285,0.331513,0.238297,0.109636,0.0167135,0.237907,0.0246871,0.240737,0.0164339
0.560041,0.515173,0.22199,0.144386,0.340232,0.0205676,0.240891,0.013008,0.240046,0.0281688
0.809685,0.504467,0.0922641,0.240143,0.2549,0.0175878,0.241193,0.0233197,0.237919,0.0253562
0.632467,0.598947,0.180814,0.160006,0.235056,0.0224894,0.23839,0.016087,0.240487,0.0201854
0.525275,0.612667,0.234036,0.182545,0.203267,0.0103529,0.240758,0.01855,0.232322,0.290142,0.844015,0.220988,0.769083,0.550909,0.218562
0.409761,0.671152,0.292435,0.174865,0.152595,0.0195827,0.240727,0.0192068,0.24008,0.0190971
0.304914,0.621559,0.347679,0.163053,0.212405,0.0132271,0.239313,0.0206007,0.238003,0.0218092
0.584531,0.620392,0.201249,0.195779,0.177724,0.0133085,0.245057,0.0178029,0.228554,0.304106,0.791285,0.168141,0.827774,0.660629,0.165292
0.725804,0.465119,0.136549,0.268473,0.266378,0.019127,0.242172,0.0247266,0.238368,0.0255713
0.597133,0.566243,0.201229,0.272024,0.156599,0.0128923,0.244683,0.0227482,0.241628,0.0189431
0.556222,0.691779,0.21644,0.141688,0.16113,0.0236038,0.230146,0.0142224,0.228332,0.290198,0.459737,0.183487,0.812418,0.718131,0.141257
0.434955,0.611365,0.283237,0.283185,0.102481,0.015984,0.242476,0.0216604,0.241879,0.0104241
0.564542,0.492529,0.216513,0.328619,0.17828,0.0311695,0.235031,0.0170662,0.241258,0.00907853
0.401478,0.572343,0.296453,0.231135,0.189073,0.0250371,0.236235,0.0248398,0.234743,0.0245992
0.64088,0.629797,0.176789,0.130055,0.238796,0.0155534,0.242043,0.0187975,0.239204,0.0253101
0.591282,0.644535,0.204014,0.218499,0.134593,0.0212503,0.237615,0.0211455,0.239658,0.0160156
0.54907,0.546769,0.226399,0.326047,0.129658,0.0217748,0.239489,0.0258744,0.241749,0.0137368
0.578981,0.399073,0.206822,0.260704,0.336273,0.00781505,0.248524,0.00731456,0.226454,0.311708,0.902989,0.223002,0.777654,0.683467,0.160115
0.729071,0.434207,0.135209,0.285196,0.266961,0.00917029,0.241158,0.0202416,0.223948,0.297437,0.41196,0.227311,0.762666,0.768464,0.1094
0.738689,0.728302,0.12718,0.105234,0.168896,0.0124686,0.241169,0.01236,0.239645,0.0219207
0.364624,0.539713,0.317359,0.254787,0.203212,0.0200357,0.24031,0.0164549,0.244024,0.0114284
0.78573,0.611091,0.106646,0.131353,0.261926,0.0181894,0.242868,0.0135451,0.242687,0.0244385
0.668428,0.50811,0.157621,0.238968,0.246731,0.0163636,0.237142,0.0195605,0.228045,0.282105,0.00795478,0.290986,0.704948,0.715086,0.139009
0.635244,0.468162,0.181391,0.236964,0.298255,0.013889,0.243263,0.0156091,0.242254,0.0220038
0.751153,0.61326,0.124261,0.204694,0.181573,0.0170792,0.243221,0.0145728,0.243252,0.0104667
0.257306,0.553346,0.368327,0.278399,0.162375,0.0257131,0.235245,0.0279166,0.237993,0.0194658
0.377925,0.704955,0.311108,0.14536,0.145671,0.0174591,0.236142,0.0188015,0.239021,0.0214066
0.523718,0.506694,0.238459,0.335105,0.154019,0.0169762,0.240931,0.0260553,0.241005,0.0172076
0.623993,0.568248,0.186291,0.146112,0.288241,0.0173387,0.242274,0.017065,0.239999,0.0265095
0.814396,0.615568,0.0893643,0.148147,0.239973,0.0185807,0.241822,0.0105714,0.242511,0.0140293
0.572223,0.694069,0.214441,0.129769,0.168579,0.0195203,0.243109,0.014801,0.219697,0.317567,0.473769,0.258912,0.737615,0.67429,0.158003
0.445909,0.507754,0.275395,0.190962,0.298385,0.0242924,0.237653,0.00955705,0.22431,0.311685,0.426757,0.152589,0.849922,0.823323,0.084513
0.658208,0.557903,0.177169,0.131493,0.314601,0.0121198,0.242847,0.0139485,0.230681,0.310906,-0.00284517,0.365235,0.635383,0.81073,0.0916064
0.342037,0.524566,0.319984,0.227046,0.244556,0.0123182,0.236043,0.0131551,0.223017,0.311629,0.472029,0.205322,0.783924,0.667794,0.16446
0.57348,0.546004,0.210144,0.186409,0.275279,0.00734806,0.244407,0.0164472,0.238427,0.285803,0.476472,0.345582,0.66169,0.324567,0.331881
0.536004,0.603381,0.228543,0.237571,0.152917,0.0319403,0.234325,0.0220751,0.240135,0.0170242
0.310038,0.523866,0.342864,0.165301,0.313427,0.0222302,0.235449,0.0120072,0.216516,0.338301,0.497757,0.290266,0.70623,0.589036,0.195852
0.717341,0.640209,0.137865,0.156074,0.204547,0.013352,0.243323,0.0124208,0.243527,0.0162598
0.716335,0.577963,0.137212,0.188288,0.226693,0.0216205,0.240896,0.01222,0.230137,0.287781,0.482587,0.174023,0.822953,0.55738,0.21523
0.263714,0.574559,0.3672,0.195384,0.225605,0.0200344,0.236384,0.0188414,0.239063,0.0202057
0.572308,0.606016,0.210332,0.176523,0.208551,0.0229458,0.238263,0.019911,0.238322,0.0198157
0.591291,0.530303,0.201123,0.192701,0.270105,0.0163299,0.239301,0.0130997,0.234941,0.274986,0.0139639,0.28008,0.71366,0.726692,0.13398
0.442048,0.582849,0.275853,0.235886,0.173367,0.0139322,0.241418,0.0199257,0.239757,0.0183142
0.692491,0.635912,0.152936,0.227463,0.13432,0.0188771,0.240786,0.0167497,0.245162,0.0132245
0.400183,0.649295,0.298171,0.130582,0.220045,0.0154948,0.243133,0.0140499,0.241455,0.0183748
0.7466,0.442834,0.124053,0.243062,0.311959,0.00928593,0.240456,0.0178871,0.23037,0.282439,-0.0336865,0.294684,0.705486,0.443546,0.277282
0.613678,0.613884,0.193364,0.109574,0.27758,0.0155088,0.239802,0.0109011,0.243616,0.0231577
0.448632,0.462411,0.277827,0.292498,0.241993,0.00107677,0.244875,0.0192585,0.216489,0.324652,0.00811946,0.273991,0.730969,0.840481,0.0769673
0.394974,0.6031,0.303916,0.177573,0.211162,0.0230654,0.240102,0.0156195,0.220676,0.312002,0.478054,0.285231,0.70802,0.661196,0.163905
0.453605,0.430913,0.271259,0.316468,0.253376,0.0274534,0.238293,0.0196937,0.238877,0.0201727
0.594386,0.622255,0.20542,0.162378,0.214977,0.0262024,0.23733,0.0165621,0.247152,0.25579,0.453844,0.35099,0.641357,0.79173,0.101723
0.417731,0.66165,0.285822,0.173594,0.15465,0.00865796,0.244023,0.0163384,0.222847,0.307195,0.016675,0.205823,0.793433,0.61083,0.188735
0.339032,0.607941,0.325616,0.166747,0.217397,0.028336,0.239164,0.0179427,0.22708,0.312704,0.804412,0.346943,0.647911,0.496759,0.247595
0.723923,0.662934,0.1381,0.14651,0.190293,0.0143734,0.239507,0.0159948,0.240869,0.0174046
0.696975,0.478885,0.152812,0.217791,0.294468,0.019011,0.235148,0.0183079,0.215836,0.336371,0.00185215,0.189405,0.806535,0.830673,0.0840717
0.43534,0.478122,0.279616,0.25582,0.262767,0.0161525,0.240096,0.0184504,0.238732,0.0181504
0.721089,0.44758,0.135197,0.280835,0.269203,0.0164592,0.243158,0.0186439,0.237603,0.26866,0.49315,0.307713,0.687613,0.656496,0.168143
0.345753,0.479072,0.326289,0.294458,0.224286,0.0181686,0.240062,0.0173633,0.240027,0.0156871
0.509149,0.557376,0.243648,0.258245,0.176696,0.0179991,0.239504,0.0134966,0.243001,0.00980974
0.626586,0.646078,0.182723,0.263936,0.085184,0.0294839,0.234683,0.0264212,0.238546,0.0123522
0.29295,0.558171,0.352357,0.230248,0.200027,0.0181801,0.238329,0.0203329,0.221407,0.299377,0.462923,0.304313,0.691659,0.635703,0.177416
0.353868,0.551631,0.322279,0.287806,0.16149,0.0149634,0.240578,0.0204016,0.242211,0.0161972
0.583968,0.596017,0.207337,0.254884,0.146549,0.0288968,0.235833,0.0201681,0.242882,0.0146604
0.675522,0.672229,0.159026,0.234182,0.0933295,0.0123173,0.24538,0.0242414,0.239319,0.0159486
0.509486,0.612226,0.238868,0.176236,0.203485,0.0241914,0.237254,0.0176564,0.226328,0.306008,-0.0312957,0.219756,0.772099,0.590528,0.201944
0.634552,0.49552,0.180024,0.239776,0.263554,0.0171552,0.240826,0.01973,0.23934,0.0221425
0.429186,0.672521,0.286558,0.213732,0.110134,0.0216197,0.239007,0.0246505,0.240633,0.0144017
0.546223,0.55036,0.224132,0.264385,0.176402,0.0315804,0.233927,0.0117047,0.244668,0.00858766
0.736483,0.566111,0.130377,0.217108,0.213468,0.0163815,0.24183,0.0109012,0.245698,0.0114754
0.489231,0.614421,0.251672,0.149848,0.22795,0.0218092,0.236671,0.0145073,0.217277,0.321445,0.481427,0.26301,0.728728,0.498077,0.245704
0.529334,0.613101,0.23609,0.263647,0.124666,0.0175477,0.240866,0.0235745,0.239828,0.0159367
0.547521,0.566378,0.223395,0.238334,0.195357,0.0286395,0.234201,0.0245973,0.228753,0.285408,-0.00629938,0.328895,0.670081,0.685603,0.150848
0.401,0.601651,0.296487,0.17736,0.215421,0.017409,0.235533,0.0153601,0.227165,0.316582,0.466648,0.201912,0.794946,0.551592,0.222175
0.329069,0.608537,0.341564,0.225526,0.155729,0.0279564,0.23858,0.0267584,0.231525,0.282795,0.462017,0.254256,0.746672,0.568448,0.210347
0.598901,0.693806,0.198133,0.148353,0.156604,0.00961187,0.245388,0.0137273,0.24213,0.0166193
0.70789,0.580227,0.138418,0.181149,0.240641,0.00557195,0.248841,0.0140251,0.232666,0.27958,0.461259,0.306708,0.690933,0.6731,0.163587
0.417672,0.621885,0.29171,0.1135,0.259311,0.0234722,0.236837,0.0131986,0.240089,0.0257334
0.490817,0.671753,0.2525,0.224865,0.100636,0.0301686,0.236611,0.0236989,0.24022,0.0119628
0.606567,0.735191,0.197197,0.107618,0.160223,0.0195359,0.241854,0.0129026,0.245087,0.0180422
0.401092,0.485843,0.298114,0.178309,0.334147,0.018492,0.241277,0.00354144,0.223456,0.305402,0.89559,0.186414,0.803325,0.415739,0.286267
0.748563,0.587089,0.121223,0.232262,0.176736,0.027269,0.234503,0.0181503,0.228799,0.29248,-0.0127929,0.236308,0.759292,0.761596,0.115617
0.765804,0.576741,0.115704,0.302668,0.122121,0.0214226,0.237671,0.0223727,0.241086,0.0114428
0.599556,0.513609,0.190599,0.278103,0.204109,0.0216888,0.244528,0.0281139,0.222318,0.29533,0.476615,0.307783,0.687518,0.506001,0.243677
0.408033,0.509478,0.295386,0.222216,0.266485,0.0306838,0.233085,0.0177305,0.217879,0.32907,0.469223,0.200501,0.793178,0.700647,0.147143
0.408617,0.4903,0.295428,0.173702,0.331048,0.0119496,0.245209,0.0137447,0.238468,0.0268224
0.57031,0.663139,0.211207,0.169338,0.159353,0.0157799,0.238108,0.0202718,0.220247,0.324903,0.859709,0.143661,0.845529,0.582958,0.203395
0.521687,0.657131,0.235011,0.110535,0.227607,0.0254432,0.234856,0.0108521,0.241257,0.0178084
0.6745,0.656018,0.156562,0.183138,0.154462,0.0113921,0.241864,0.0216316,0.22314,0.301346,0.462888,0.259838,0.732018,0.735168,0.128703
0.752417,0.562304,0.123342,0.193804,0.241406,0.014716,0.240797,0.0159098,0.242496,0.0154105
0.41741,0.499117,0.28778,0.199361,0.299036,0.0161823,0.238404,0.01454,0.220322,0.328707,-0.00921792,0.302399,0.699474,0.626487,0.185273
0.605703,0.531308,0.19765,0.345041,0.127893,0.00682326,0.244813,0.0253034,0.241735,0.0134426
0.802202,0.652593,0.0912751,0.158688,0.191099,0.0206234,0.235033,0.0164681,0.228179,0.297923,0.475687,0.180533,0.816363,0.751883,0.123388
0.475401,0.523728,0.26114,0.25655,0.218392,0.0117392,0.242411,0.0242369,0.232203,0.283842,0.00309426,0.293432,0.704761,0.748159,0.122372
0.486029,0.5623,0.258365,0.136725,0.302655,0.0106342,0.245213,0.0135742,0.240706,0.0230538
0.56042,0.690022,0.217928,0.201714,0.107971,0.00436216,0.248284,0.0153997,0.241382,0.0136447
0.571245,0.503775,0.212221,0.276152,0.218043,0.023342,0.238139,0.0217984,0.220458,0.308303,-0.00449002,0.161515,0.835029,0.645208,0.17599
0.370452,0.609041,0.315152,0.100028,0.286684,0.024284,0.237824,0.0118794,0.240793,0.0263783
0.541779,0.459265,0.226357,0.287314,0.24964,0.0216917,0.241464,0.0153893,0.243323,0.0164733
0.626488,0.632129,0.180791,0.17349,0.198039,0.00903768,0.243568,0.0199781,0.226972,0.313174,0.928703,0.324287,0.671926,0.672634,0.165734
0.617614,0.590521,0.186976,0.195904,0.206757,0.0195001,0.237934,0.0184944,0.239687,0.019805
0.587567,0.443709,0.205818,0.333768,0.214415,0.0156684,0.2474,0.0172995,0.227115,0.293426,0.457831,0.161722,0.832567,0.662761,0.164145
0.76584,0.647213,0.117419,0.121542,0.2309,0.0216974,0.238361,0.0163976,0.238581,0.026847
0.508333,0.424207,0.246378,0.280934,0.296803,0.0141683,0.242316,0.0168628,0.240141,0.0228087
0.583802,0.518767,0.208961,0.237191,0.24462,0.00841745,0.244922,0.0194069,0.223459,0.313044,0.485431,0.323039,0.673893,0.792192,0.101967
0.385054,0.584049,0.305078,0.28804,0.12572,0.0161495,0.238385,0.0231733,0.233409,0.270774,-0.0110322,0.147543,0.850877,0.740526,0.127719
0.459036,0.621402,0.265848,0.202271,0.170463,0.0154952,0.240079,0.0209106,0.237047,0.276048,0.443893,0.256792,0.737487,0.376373,0.311254
0.580221,0.459631,0.207311,0.329486,0.211615,0.0269274,0.235934,0.0200958,0.240063,0.0178761
